theta=[([[-1.33780783,  0.51514795,  0.28035955],
        [ 0.86488303,  0.08647531, -0.26644926],
        [ 7.25904606,  1.75475377, -2.3314428 ],
        [ 1.39358572, -0.05038813, -0.00741605],
        [ 2.09721522,  0.01087582, -1.52179637],
        [ 1.08914189,  0.75902164, -1.56106428],
        [ 1.72177424,  1.09946472, -0.35408254],
        [-0.69046067, -0.04919097,  0.92453848],
        [-1.45343248,  0.40954679,  1.31241408],
        [-1.20330789,  0.81372451,  1.28228565],
        [ 0.03743638,  0.23887642,  0.21503453],
        [ 1.93164581, -2.72682439, -3.31241089],
        [ 0.83446178, -0.49810622, -0.02211397],
        [ 0.19955107, -1.14913391, -0.50926058],
        [-0.72535721,  0.42645559, -1.27729572],
        [-2.05193789, -0.11142365,  0.70347291],
        [-1.14795081, -0.50727326,  0.69182342],
        [-1.2144741 ,  0.71863594,  1.38153937],
        [-1.12139458,  0.62479262,  1.47046303]]), ([[ 0.08383305,  2.49935447,  3.22782868, -1.45321563,  3.98268985],
        [ 2.59532891,  2.12767782, -1.4762335 , -0.57396127,  2.05177319],
        [-0.03853558,  0.21335094, -2.50455045, -3.47829755, -2.78736115]]), ([[-1.87483582,  2.45232649,  1.61707957,  1.10742507],
        [-0.42718502,  1.78225801,  3.75026179,  0.38508978],
        [-3.91226466, -1.61257019,  1.70786429, -3.65832868],
        [ 3.29373596, -0.74331866, -1.10823251,  2.82153549],
        [ 4.56999747, -0.33162187, -1.77129391, -2.8589659 ]]), ([[  2.75014795e-02,   3.82321631e-02,   3.93758218e-02,
          -7.28137725e+01,  -1.51579834e-02,  -1.06198442e-02,
          -2.88534508e-02,  -2.48155851e+01,  -2.25089778e-02,
          -4.72094849e-02,  -2.93832162e-02,  -1.44891929e+01,
          -6.38866718e-03,  -7.65433397e-03,  -2.37158346e-03,
          -2.37626979e+01],
        [ -2.00825458e-02,  -2.27078677e-02,  -1.83103552e-02,
           7.04053683e+01,   4.49320653e-04,  -5.42063540e-03,
           4.34849291e-02,   2.38388693e+01,   3.45438767e-02,
           8.15354058e-02,   4.92287528e-02,   1.36576078e+01,
           5.98025178e-03,  -1.08265042e-04,  -1.17017596e-02,
           2.11178377e+01],
        [ -1.77492568e-03,   3.25606805e-02,   3.60367729e-02,
           6.49160155e+01,  -4.84521352e-03,   9.86154488e-03,
          -5.01976523e-02,   2.10250608e+01,   2.24034297e-02,
          -5.77721158e-02,  -6.82070314e-05,   2.36481049e+01,
          -1.58453022e-03,  -5.38607292e-03,   1.19162005e-02,
           3.40835756e+01],
        [ -1.87283334e-02,   2.38457938e-04,   2.14160891e-03,
           6.28198349e+01,   1.72147952e-03,   9.86104350e-03,
          -2.34621006e-02,   2.17026029e+01,  -6.91810919e-02,
          -1.13630056e-01,  -8.16041658e-02,   2.46823226e+01,
           1.61841753e-03,  -4.57691883e-04,   9.13577600e-03,
           3.53643751e+01]])]