0.321478473532
0.361991645164
0.784013174084
0.148130569282
0.211242698464
0.5895845142
0.578600187266
0.945224191466
1.0
1.0
0.317227466735
0.800215312995
0.712490570826
0.630358941899
0.835080582486
0.696739115808
0.312584074663
1.0
1.0

0.518792051866
0.487615339496
0.479345505551
0.985216497334
0.616202452374
0.60856145762
0.613939348461
0.994555213944
0.531080824423
0.559352860486
0.536791656691
0.954525267819
0.420210434543
0.431747828831
0.427825162565
0.804260096884

0.321478473532
0.361991645164
0.784013174084
0.148130569282
0.211242698464
0.5895845142
0.578600187266
0.945224191466
1.0
1.0
0.317227466735
0.800215312995
0.712490570826
0.630358941899
0.835080582486
0.696739115808
0.312584074663
1.0
1.0

0.518792051866
0.487615339496
0.479345505551
0.985216497334
0.616202452374
0.60856145762
0.613939348461
0.994555213944
0.531080824423
0.559352860486
0.536791656691
0.954525267819
0.420210434543
0.431747828831
0.427825162565
0.804260096884

10
0.321478473532
0.784013174084
0.211242698464
0.802362008517
0.395164774015
0.578600187266
0.954879652777
0.5895845142
1.0
1.0
0.712490570826
0.311738781138
0.841346692092
0.630358941899
0.800215312995
0.91698436913
1.0
1.0
1.0

0.450589975942
0.529069790075
0.548047070518
0.996374615101
0.609599022933
0.629533157383
0.613129607051
0.999258540809
0.583138910656
0.513707572435
0.567745743992
0.961598644021
0.444734443798
0.419761550776
0.43180410005
0.836887928982

10
0.321478473532
0.672255266671
0.802362008517
0.211242698464
0.954879652777
0.395164774015
0.5895845142
1.0
1.0
1.0
0.712490570826
0.286542510629
0.91698436913
0.800215312995
0.630358941899
0.841346692092
1.0
1.0
1.0

0.453989126478
0.536643337711
0.556148974568
0.99679210905
0.620867281991
0.641949354432
0.621228752405
0.999341426014
0.585315743842
0.508977297851
0.56802031443
0.967968947646
0.434683365916
0.409282627298
0.422793037919
0.850696907995

0
0.0851101061706
0.954879652777
0.395164774015
0.211242698464
0.5895845142
0.802362008517
0.672255266671
1.0
1.0
1.0
0.286542510629
0.91698436913
0.630358941899
0.841346692092
0.800215312995
0.712490570826
1.0
1.0
1.0

0.497137196602
0.540361664086
0.549665582664
0.995966040596
0.660965347364
0.671844533752
0.657671586951
0.999001860219
0.567963034059
0.526239518579
0.557674393648
0.983546416581
0.390082510559
0.379276342573
0.387471532287
0.88283256675

30
0.0851101061706
0.891084716117
0.880841656802
0.672255266671
0.937106521693
0.953529753472
0.395164774015
1.0
1.0
1.0
0.286542510629
0.800215312995
0.862978408668
1.0
1.0
1.0
1.0
1.0
1.0

0.533206530507
0.531524018036
0.529530693049
0.9931346724
0.677600908789
0.677856394217
0.671628048889
0.99782381334
0.546397634761
0.544677465192
0.544614161713
0.986524904186
0.366447424439
0.37047726144
0.372539743931
0.887041781369

0
0.0851101061706
0.672255266671
0.937106521693
0.953529753472
0.395164774015
0.880841656802
0.891084716117
1.0
1.0
1.0
0.862978408668
0.105609176729
0.800215312995
1.0
1.0
1.0
1.0
1.0
1.0

0.449100498153
0.515286240796
0.531765728675
0.996012508905
0.596436868219
0.613165690427
0.602859647058
0.999185064406
0.578699600243
0.523317101849
0.566758200867
0.953137082108
0.456323787081
0.434369661432
0.443713793548
0.819154589901

0
0.193537526084
0.880841656802
0.953529753472
0.891084716117
0.937106521693
0.395164774015
0.500004681648
1.0
1.0
1.0
0.800215312995
0.257955350674
0.862978408668
1.0
1.0
1.0
1.0
1.0
1.0

0.502543854421
0.544852769869
0.553596238269
0.996178621516
0.670032811001
0.680796296797
0.664497673424
0.999035679873
0.567825610687
0.524669317037
0.556913351015
0.985902019488
0.381170659512
0.371312251692
0.379967414127
0.890923713336

10
0.193537526084
0.880841656802
0.500004681648
0.927104592238
0.846198518392
0.937106521693
1.0
1.0
1.0
1.0
0.437570012321
0.620078602134
0.583534800653
1.0
1.0
1.0
1.0
1.0
1.0

0.48702073309
0.537224481631
0.548572396438
0.995959986135
0.649240103628
0.661748670769
0.648312775273
0.999043911627
0.570797863329
0.524764973791
0.559883201151
0.980027508007
0.402400953143
0.388630924314
0.397282952397
0.873029264823

20
1.0
0.846198518392
0.899355455181
0.500004681648
0.927104592238
0.758875124236
1.0
1.0
1.0
1.0
0.583534800653
0.620078602134
0.437570012321
1.0
1.0
1.0
1.0
1.0
1.0

0.49052990885
0.533374263307
0.543089997619
0.99558747237
0.648277619132
0.658874732939
0.648415567199
0.998933777643
0.567447889354
0.529521041646
0.558450778699
0.979686314139
0.402272925857
0.390618914376
0.397837846915
0.870564298422

30
1.0
0.899355455181
0.500004681648
0.931067062923
0.551197667715
1.0
1.0
1.0
1.0
1.0
0.620078602134
0.506129798076
1.0
1.0
1.0
1.0
1.0
1.0
1.0

0.448758829264
0.498942065413
0.512235789236
0.995214860196
0.580772317741
0.592969236108
0.5923064122
0.999017768392
0.572172715935
0.536514018927
0.565188801138
0.941184036595
0.469381969221
0.451332600284
0.456753135107
0.795621836625

30
1.0
0.899355455181
0.551197667715
0.500004681648
0.931067062923
1.0
1.0
1.0
1.0
1.0
0.506129798076
0.620078602134
1.0
1.0
1.0
1.0
1.0
1.0
1.0

0.446753089255
0.502507362262
0.516975187189
0.995524152495
0.58255898563
0.596383856803
0.59256883754
0.999088867906
0.57466352218
0.532222577084
0.566011266204
0.942423453994
0.468481273565
0.448896803161
0.455625900634
0.799366483076

-30
1.0
0.899355455181
0.551197667715
0.500004681648
0.931067062923
1.0
1.0
1.0
1.0
1.0
0.506129798076
0.620078602134
1.0
1.0
1.0
1.0
1.0
1.0
1.0

0.446753089255
0.502507362262
0.516975187189
0.995524152495
0.58255898563
0.596383856803
0.59256883754
0.999088867906
0.57466352218
0.532222577084
0.566011266204
0.942423453994
0.468481273565
0.448896803161
0.455625900634
0.799366483076

30
1.0
0.931067062923
0.500004681648
0.899355455181
0.551197667715
1.0
1.0
1.0
1.0
1.0
0.506129798076
0.620078602134
1.0
1.0
1.0
1.0
1.0
1.0
1.0

0.454746270277
0.497780001874
0.509343443582
0.994939843177
0.585061097898
0.595268820477
0.59695482006
0.998936314803
0.568994208369
0.54068337566
0.563663999357
0.945170815953
0.464301403821
0.448664433794
0.452825136598
0.799483965722

30
1.0
0.624711718432
0.755312562857
0.500004681648
0.931067062923
1.0
1.0
1.0
1.0
1.0
0.506129798076
0.617823007037
1.0
1.0
1.0
1.0
1.0
1.0
1.0

0.481387379564
0.492562547002
0.49586363931
0.99390375074
0.60436626052
0.606499425933
0.612661093309
0.998524521189
0.555535114553
0.554300226628
0.555801722703
0.958326249497
0.441823858478
0.437613270977
0.437606258126
0.815333950008

30
1.0
0.500004681648
0.624711718432
0.931067062923
0.755312562857
1.0
1.0
1.0
1.0
1.0
0.617823007037
1.0
1.0
1.0
1.0
1.0
1.0
1.0
1.0

0.481452084222
0.643886749737
0.68513393128
0.0405334290933
0.519230960691
0.556272063906
0.577784725028
0.0352783928011
0.51871528082
0.425975495808
0.503683495194
0.51983779558
0.466509201748
0.406530232641
0.418066717263
0.523793096071

-30
1.0
0.500004681648
0.624711718432
0.931067062923
0.755312562857
1.0
1.0
1.0
1.0
1.0
0.617823007037
1.0
1.0
1.0
1.0
1.0
1.0
1.0
1.0

0.481452084222
0.643886749737
0.68513393128
0.0405334290933
0.519230960691
0.556272063906
0.577784725028
0.0352783928011
0.51871528082
0.425975495808
0.503683495194
0.51983779558
0.466509201748
0.406530232641
0.418066717263
0.523793096071

30
1.0
0.755312562857
0.500004681648
0.372833304472
0.931067062923
1.0
1.0
1.0
1.0
1.0
0.563874613921
1.0
1.0
1.0
1.0
1.0
1.0
1.0
1.0

0.526743003442
0.536424647329
0.539951723546
0.974041916378
0.647816660997
0.648070127289
0.664137861902
0.990856679781
0.536499403464
0.549125627552
0.54060366094
0.97545758178
0.387041134251
0.383810869052
0.381441773412
0.847246985173

30
1.0
0.372833304472
0.0450594338113
0.755312562857
1.0
1.0
1.0
1.0
1.0
1.0
0.563874613921
1.0
1.0
1.0
1.0
1.0
1.0
1.0
1.0

0.512959840042
0.655963005523
0.689694074813
0.076334098064
0.574575997813
0.609239024607
0.602649675881
0.0566180922448
0.517791637611
0.413359771515
0.496712250894
0.70132144402
0.417561344511
0.370394363597
0.386347100285
0.628352981013

30
1.0
0.755312562857
0.0450594338113
0.777664847343
1.0
1.0
1.0
1.0
1.0
1.0
0.221393122763
1.0
1.0
1.0
1.0
1.0
1.0
1.0
1.0

0.528806561849
0.528615122927
0.527641612072
0.991498796345
0.667507918504
0.667531411763
0.666460585519
0.997319223847
0.544983809052
0.547290733119
0.544725583225
0.983880129445
0.375212187156
0.377834647649
0.378730322624
0.876545992819

30
1.0
0.0896786620604
0.755312562857
0.0450594338113
1.0
1.0
1.0
1.0
1.0
1.0
0.221393122763
1.0
1.0
1.0
1.0
1.0
1.0
1.0
1.0

0.520624520587
0.470924320486
0.459819592101
0.00341999248785
0.360440272759
0.347604368157
0.363327621953
0.000781012918476
0.427038658022
0.475236924662
0.438592673582
0.0234437435156
0.586567520282
0.60032098359
0.591180732051
0.135177167961

30
1.0
0.0450594338113
0.755312562857
0.0896786620604
1.0
1.0
1.0
1.0
1.0
1.0
0.221393122763
1.0
1.0
1.0
1.0
1.0
1.0
1.0
1.0

0.530288352693
0.467436485901
0.452978779241
0.00328403315815
0.366666795721
0.350606683134
0.368228103821
0.000716240273677
0.421997409073
0.481324497398
0.435827992647
0.0258987187408
0.579190998516
0.597527469014
0.586669408301
0.139208737303

30
1.0
0.0450594338113
0.0896786620604
0.546346204168
1.0
1.0
1.0
1.0
1.0
1.0
0.221393122763
1.0
1.0
1.0
1.0
1.0
1.0
1.0
1.0

0.540491964935
0.506177637063
0.49755998073
0.00426264922742
0.409766686313
0.400985323615
0.405154364811
0.00093128091588
0.432158610709
0.459866608659
0.438137124706
0.0521704847866
0.540028039348
0.551655097748
0.546957676305
0.19501700429

30
1.0
0.0452361149016
0.546346204168
1.0
1.0
1.0
1.0
1.0
1.0
1.0
0.221393122763
1.0
1.0
1.0
1.0
1.0
1.0
1.0
1.0

0.555784361121
0.469705736458
0.449082886514
0.00315125715574
0.39320434434
0.37101374923
0.391582169431
0.000624696548096
0.412694708333
0.491527845027
0.430332391316
0.0402350451564
0.550924964509
0.578216055779
0.564426201401
0.163964955817

30
1.0
0.546346204168
0.0452361149016
1.0
1.0
1.0
1.0
1.0
1.0
1.0
0.221393122763
1.0
1.0
1.0
1.0
1.0
1.0
1.0
1.0

0.55105144445
0.559428869648
0.560486992239
0.935605226408
0.662497088312
0.664309216764
0.661945510578
0.963548621794
0.524902570849
0.520988821464
0.523271312191
0.970850777906
0.364661436736
0.365222418301
0.367254950808
0.842940250649

30
1.0
0.546346204168
1.0
1.0
1.0
1.0
1.0
1.0
1.0
1.0
0.221393122763
1.0
1.0
1.0
1.0
1.0
1.0
1.0
1.0

0.453271714505
0.568152523459
0.602339463711
0.0210610530078
0.414210856787
0.436721337829
0.478762440099
0.0167526340224
0.498992443107
0.456734275157
0.496497737788
0.147257260498
0.559076866442
0.511491510796
0.513037304923
0.296080899681

0.321478473532
0.361991645164
0.784013174084
0.148130569282
0.211242698464
0.5895845142
0.578600187266
0.945224191466
1.0
1.0
0.317227466735
0.800215312995
0.712490570826
0.630358941899
0.835080582486
0.696739115808
0.312584074663
1.0
1.0

0.518792051866
0.487615339496
0.479345505551
0.985216497334
0.616202452374
0.60856145762
0.613939348461
0.994555213944
0.531080824423
0.559352860486
0.536791656691
0.954525267819
0.420210434543
0.431747828831
0.427825162565
0.804260096884

10
0.321478473532
0.784013174084
0.211242698464
0.802362008517
0.395164774015
0.578600187266
0.954879652777
0.5895845142
1.0
1.0
0.712490570826
0.311738781138
0.841346692092
0.630358941899
0.800215312995
0.91698436913
1.0
1.0
1.0

0.450589975942
0.529069790075
0.548047070518
0.996374615101
0.609599022933
0.629533157383
0.613129607051
0.999258540809
0.583138910656
0.513707572435
0.567745743992
0.961598644021
0.444734443798
0.419761550776
0.43180410005
0.836887928982

10
0.321478473532
0.672255266671
0.802362008517
0.211242698464
0.954879652777
0.395164774015
0.5895845142
1.0
1.0
1.0
0.712490570826
0.286542510629
0.91698436913
0.800215312995
0.630358941899
0.841346692092
1.0
1.0
1.0

0.453989126478
0.536643337711
0.556148974568
0.99679210905
0.620867281991
0.641949354432
0.621228752405
0.999341426014
0.585315743842
0.508977297851
0.56802031443
0.967968947646
0.434683365916
0.409282627298
0.422793037919
0.850696907995

0
0.0851101061706
0.954879652777
0.395164774015
0.211242698464
0.5895845142
0.802362008517
0.672255266671
1.0
1.0
1.0
0.286542510629
0.91698436913
0.630358941899
0.841346692092
0.800215312995
0.712490570826
1.0
1.0
1.0

0.497137196602
0.540361664086
0.549665582664
0.995966040596
0.660965347364
0.671844533752
0.657671586951
0.999001860219
0.567963034059
0.526239518579
0.557674393648
0.983546416581
0.390082510559
0.379276342573
0.387471532287
0.88283256675

30
0.0851101061706
0.891084716117
0.880841656802
0.672255266671
0.937106521693
0.953529753472
0.395164774015
1.0
1.0
1.0
0.286542510629
0.800215312995
0.862978408668
1.0
1.0
1.0
1.0
1.0
1.0

0.533206530507
0.531524018036
0.529530693049
0.9931346724
0.677600908789
0.677856394217
0.671628048889
0.99782381334
0.546397634761
0.544677465192
0.544614161713
0.986524904186
0.366447424439
0.37047726144
0.372539743931
0.887041781369

0
0.0851101061706
0.672255266671
0.937106521693
0.953529753472
0.395164774015
0.880841656802
0.891084716117
1.0
1.0
1.0
0.862978408668
0.105609176729
0.800215312995
1.0
1.0
1.0
1.0
1.0
1.0

0.449100498153
0.515286240796
0.531765728675
0.996012508905
0.596436868219
0.613165690427
0.602859647058
0.999185064406
0.578699600243
0.523317101849
0.566758200867
0.953137082108
0.456323787081
0.434369661432
0.443713793548
0.819154589901

0
0.193537526084
0.880841656802
0.953529753472
0.891084716117
0.937106521693
0.395164774015
0.500004681648
1.0
1.0
1.0
0.800215312995
0.257955350674
0.862978408668
1.0
1.0
1.0
1.0
1.0
1.0

0.502543854421
0.544852769869
0.553596238269
0.996178621516
0.670032811001
0.680796296797
0.664497673424
0.999035679873
0.567825610687
0.524669317037
0.556913351015
0.985902019488
0.381170659512
0.371312251692
0.379967414127
0.890923713336

10
0.193537526084
0.880841656802
0.500004681648
0.927104592238
0.846198518392
0.937106521693
1.0
1.0
1.0
1.0
0.437570012321
0.620078602134
0.583534800653
1.0
1.0
1.0
1.0
1.0
1.0

0.48702073309
0.537224481631
0.548572396438
0.995959986135
0.649240103628
0.661748670769
0.648312775273
0.999043911627
0.570797863329
0.524764973791
0.559883201151
0.980027508007
0.402400953143
0.388630924314
0.397282952397
0.873029264823

20
1.0
0.846198518392
0.899355455181
0.500004681648
0.927104592238
0.758875124236
1.0
1.0
1.0
1.0
0.583534800653
0.620078602134
0.437570012321
1.0
1.0
1.0
1.0
1.0
1.0

0.49052990885
0.533374263307
0.543089997619
0.99558747237
0.648277619132
0.658874732939
0.648415567199
0.998933777643
0.567447889354
0.529521041646
0.558450778699
0.979686314139
0.402272925857
0.390618914376
0.397837846915
0.870564298422

30
1.0
0.899355455181
0.500004681648
0.931067062923
0.551197667715
1.0
1.0
1.0
1.0
1.0
0.620078602134
0.506129798076
1.0
1.0
1.0
1.0
1.0
1.0
1.0

0.448758829264
0.498942065413
0.512235789236
0.995214860196
0.580772317741
0.592969236108
0.5923064122
0.999017768392
0.572172715935
0.536514018927
0.565188801138
0.941184036595
0.469381969221
0.451332600284
0.456753135107
0.795621836625

30
1.0
0.899355455181
0.551197667715
0.500004681648
0.931067062923
1.0
1.0
1.0
1.0
1.0
0.506129798076
0.620078602134
1.0
1.0
1.0
1.0
1.0
1.0
1.0

0.446753089255
0.502507362262
0.516975187189
0.995524152495
0.58255898563
0.596383856803
0.59256883754
0.999088867906
0.57466352218
0.532222577084
0.566011266204
0.942423453994
0.468481273565
0.448896803161
0.455625900634
0.799366483076

-30
1.0
0.899355455181
0.551197667715
0.500004681648
0.931067062923
1.0
1.0
1.0
1.0
1.0
0.506129798076
0.620078602134
1.0
1.0
1.0
1.0
1.0
1.0
1.0

0.446753089255
0.502507362262
0.516975187189
0.995524152495
0.58255898563
0.596383856803
0.59256883754
0.999088867906
0.57466352218
0.532222577084
0.566011266204
0.942423453994
0.468481273565
0.448896803161
0.455625900634
0.799366483076

30
1.0
0.931067062923
0.500004681648
0.899355455181
0.551197667715
1.0
1.0
1.0
1.0
1.0
0.506129798076
0.620078602134
1.0
1.0
1.0
1.0
1.0
1.0
1.0

0.454746270277
0.497780001874
0.509343443582
0.994939843177
0.585061097898
0.595268820477
0.59695482006
0.998936314803
0.568994208369
0.54068337566
0.563663999357
0.945170815953
0.464301403821
0.448664433794
0.452825136598
0.799483965722

30
1.0
0.624711718432
0.755312562857
0.500004681648
0.931067062923
1.0
1.0
1.0
1.0
1.0
0.506129798076
0.617823007037
1.0
1.0
1.0
1.0
1.0
1.0
1.0

0.481387379564
0.492562547002
0.49586363931
0.99390375074
0.60436626052
0.606499425933
0.612661093309
0.998524521189
0.555535114553
0.554300226628
0.555801722703
0.958326249497
0.441823858478
0.437613270977
0.437606258126
0.815333950008

30
1.0
0.500004681648
0.624711718432
0.931067062923
0.755312562857
1.0
1.0
1.0
1.0
1.0
0.617823007037
1.0
1.0
1.0
1.0
1.0
1.0
1.0
1.0

0.481452084222
0.643886749737
0.68513393128
0.0405334290933
0.519230960691
0.556272063906
0.577784725028
0.0352783928011
0.51871528082
0.425975495808
0.503683495194
0.51983779558
0.466509201748
0.406530232641
0.418066717263
0.523793096071

-30
1.0
0.500004681648
0.624711718432
0.931067062923
0.755312562857
1.0
1.0
1.0
1.0
1.0
0.617823007037
1.0
1.0
1.0
1.0
1.0
1.0
1.0
1.0

0.481452084222
0.643886749737
0.68513393128
0.0405334290933
0.519230960691
0.556272063906
0.577784725028
0.0352783928011
0.51871528082
0.425975495808
0.503683495194
0.51983779558
0.466509201748
0.406530232641
0.418066717263
0.523793096071

30
1.0
0.755312562857
0.500004681648
0.372833304472
0.931067062923
1.0
1.0
1.0
1.0
1.0
0.563874613921
1.0
1.0
1.0
1.0
1.0
1.0
1.0
1.0

0.526743003442
0.536424647329
0.539951723546
0.974041916378
0.647816660997
0.648070127289
0.664137861902
0.990856679781
0.536499403464
0.549125627552
0.54060366094
0.97545758178
0.387041134251
0.383810869052
0.381441773412
0.847246985173

30
1.0
0.372833304472
0.0450594338113
0.755312562857
1.0
1.0
1.0
1.0
1.0
1.0
0.563874613921
1.0
1.0
1.0
1.0
1.0
1.0
1.0
1.0

0.512959840042
0.655963005523
0.689694074813
0.076334098064
0.574575997813
0.609239024607
0.602649675881
0.0566180922448
0.517791637611
0.413359771515
0.496712250894
0.70132144402
0.417561344511
0.370394363597
0.386347100285
0.628352981013

30
1.0
0.755312562857
0.0450594338113
0.777664847343
1.0
1.0
1.0
1.0
1.0
1.0
0.221393122763
1.0
1.0
1.0
1.0
1.0
1.0
1.0
1.0

0.528806561849
0.528615122927
0.527641612072
0.991498796345
0.667507918504
0.667531411763
0.666460585519
0.997319223847
0.544983809052
0.547290733119
0.544725583225
0.983880129445
0.375212187156
0.377834647649
0.378730322624
0.876545992819

30
1.0
0.0896786620604
0.755312562857
0.0450594338113
1.0
1.0
1.0
1.0
1.0
1.0
0.221393122763
1.0
1.0
1.0
1.0
1.0
1.0
1.0
1.0

0.520624520587
0.470924320486
0.459819592101
0.00341999248785
0.360440272759
0.347604368157
0.363327621953
0.000781012918476
0.427038658022
0.475236924662
0.438592673582
0.0234437435156
0.586567520282
0.60032098359
0.591180732051
0.135177167961

30
1.0
0.0450594338113
0.755312562857
0.0896786620604
1.0
1.0
1.0
1.0
1.0
1.0
0.221393122763
1.0
1.0
1.0
1.0
1.0
1.0
1.0
1.0

0.530288352693
0.467436485901
0.452978779241
0.00328403315815
0.366666795721
0.350606683134
0.368228103821
0.000716240273677
0.421997409073
0.481324497398
0.435827992647
0.0258987187408
0.579190998516
0.597527469014
0.586669408301
0.139208737303

30
1.0
0.0450594338113
0.0896786620604
0.546346204168
1.0
1.0
1.0
1.0
1.0
1.0
0.221393122763
1.0
1.0
1.0
1.0
1.0
1.0
1.0
1.0

0.540491964935
0.506177637063
0.49755998073
0.00426264922742
0.409766686313
0.400985323615
0.405154364811
0.00093128091588
0.432158610709
0.459866608659
0.438137124706
0.0521704847866
0.540028039348
0.551655097748
0.546957676305
0.19501700429

30
1.0
0.0452361149016
0.546346204168
1.0
1.0
1.0
1.0
1.0
1.0
1.0
0.221393122763
1.0
1.0
1.0
1.0
1.0
1.0
1.0
1.0

0.555784361121
0.469705736458
0.449082886514
0.00315125715574
0.39320434434
0.37101374923
0.391582169431
0.000624696548096
0.412694708333
0.491527845027
0.430332391316
0.0402350451564
0.550924964509
0.578216055779
0.564426201401
0.163964955817

30
1.0
0.546346204168
0.0452361149016
1.0
1.0
1.0
1.0
1.0
1.0
1.0
0.221393122763
1.0
1.0
1.0
1.0
1.0
1.0
1.0
1.0

0.55105144445
0.559428869648
0.560486992239
0.935605226408
0.662497088312
0.664309216764
0.661945510578
0.963548621794
0.524902570849
0.520988821464
0.523271312191
0.970850777906
0.364661436736
0.365222418301
0.367254950808
0.842940250649

30
1.0
0.546346204168
1.0
1.0
1.0
1.0
1.0
1.0
1.0
1.0
0.221393122763
1.0
1.0
1.0
1.0
1.0
1.0
1.0
1.0

0.453271714505
0.568152523459
0.602339463711
0.0210610530078
0.414210856787
0.436721337829
0.478762440099
0.0167526340224
0.498992443107
0.456734275157
0.496497737788
0.147257260498
0.559076866442
0.511491510796
0.513037304923
0.296080899681

0.321478473532
0.361991645164
0.784013174084
0.148130569282
0.211242698464
0.5895845142
0.578600187266
0.945224191466
1.0
1.0
0.317227466735
0.800215312995
0.712490570826
0.630358941899
0.835080582486
0.696739115808
0.312584074663
1.0
1.0

0.518792051866
0.487615339496
0.479345505551
0.985216497334
0.616202452374
0.60856145762
0.613939348461
0.994555213944
0.531080824423
0.559352860486
0.536791656691
0.954525267819
0.420210434543
0.431747828831
0.427825162565
0.804260096884

10
0.321478473532
0.784013174084
0.211242698464
0.802362008517
0.395164774015
0.578600187266
0.954879652777
0.5895845142
1.0
1.0
0.712490570826
0.311738781138
0.841346692092
0.630358941899
0.800215312995
0.91698436913
1.0
1.0
1.0

0.450589975942
0.529069790075
0.548047070518
0.996374615101
0.609599022933
0.629533157383
0.613129607051
0.999258540809
0.583138910656
0.513707572435
0.567745743992
0.961598644021
0.444734443798
0.419761550776
0.43180410005
0.836887928982

10
0.321478473532
0.672255266671
0.802362008517
0.211242698464
0.954879652777
0.395164774015
0.5895845142
1.0
1.0
1.0
0.712490570826
0.286542510629
0.91698436913
0.800215312995
0.630358941899
0.841346692092
1.0
1.0
1.0

0.453989126478
0.536643337711
0.556148974568
0.99679210905
0.620867281991
0.641949354432
0.621228752405
0.999341426014
0.585315743842
0.508977297851
0.56802031443
0.967968947646
0.434683365916
0.409282627298
0.422793037919
0.850696907995

0
0.0851101061706
0.954879652777
0.395164774015
0.211242698464
0.5895845142
0.802362008517
0.672255266671
1.0
1.0
1.0
0.286542510629
0.91698436913
0.630358941899
0.841346692092
0.800215312995
0.712490570826
1.0
1.0
1.0

0.497137196602
0.540361664086
0.549665582664
0.995966040596
0.660965347364
0.671844533752
0.657671586951
0.999001860219
0.567963034059
0.526239518579
0.557674393648
0.983546416581
0.390082510559
0.379276342573
0.387471532287
0.88283256675

30
0.0851101061706
0.891084716117
0.880841656802
0.672255266671
0.937106521693
0.953529753472
0.395164774015
1.0
1.0
1.0
0.286542510629
0.800215312995
0.862978408668
1.0
1.0
1.0
1.0
1.0
1.0

0.533206530507
0.531524018036
0.529530693049
0.9931346724
0.677600908789
0.677856394217
0.671628048889
0.99782381334
0.546397634761
0.544677465192
0.544614161713
0.986524904186
0.366447424439
0.37047726144
0.372539743931
0.887041781369

0
0.0851101061706
0.672255266671
0.937106521693
0.953529753472
0.395164774015
0.880841656802
0.891084716117
1.0
1.0
1.0
0.862978408668
0.105609176729
0.800215312995
1.0
1.0
1.0
1.0
1.0
1.0

0.449100498153
0.515286240796
0.531765728675
0.996012508905
0.596436868219
0.613165690427
0.602859647058
0.999185064406
0.578699600243
0.523317101849
0.566758200867
0.953137082108
0.456323787081
0.434369661432
0.443713793548
0.819154589901

0
0.193537526084
0.880841656802
0.953529753472
0.891084716117
0.937106521693
0.395164774015
0.500004681648
1.0
1.0
1.0
0.800215312995
0.257955350674
0.862978408668
1.0
1.0
1.0
1.0
1.0
1.0

0.502543854421
0.544852769869
0.553596238269
0.996178621516
0.670032811001
0.680796296797
0.664497673424
0.999035679873
0.567825610687
0.524669317037
0.556913351015
0.985902019488
0.381170659512
0.371312251692
0.379967414127
0.890923713336

10
0.193537526084
0.880841656802
0.500004681648
0.927104592238
0.846198518392
0.937106521693
1.0
1.0
1.0
1.0
0.437570012321
0.620078602134
0.583534800653
1.0
1.0
1.0
1.0
1.0
1.0

0.48702073309
0.537224481631
0.548572396438
0.995959986135
0.649240103628
0.661748670769
0.648312775273
0.999043911627
0.570797863329
0.524764973791
0.559883201151
0.980027508007
0.402400953143
0.388630924314
0.397282952397
0.873029264823

20
1.0
0.846198518392
0.899355455181
0.500004681648
0.927104592238
0.758875124236
1.0
1.0
1.0
1.0
0.583534800653
0.620078602134
0.437570012321
1.0
1.0
1.0
1.0
1.0
1.0

0.49052990885
0.533374263307
0.543089997619
0.99558747237
0.648277619132
0.658874732939
0.648415567199
0.998933777643
0.567447889354
0.529521041646
0.558450778699
0.979686314139
0.402272925857
0.390618914376
0.397837846915
0.870564298422

30
1.0
0.899355455181
0.500004681648
0.931067062923
0.551197667715
1.0
1.0
1.0
1.0
1.0
0.620078602134
0.506129798076
1.0
1.0
1.0
1.0
1.0
1.0
1.0

0.448758829264
0.498942065413
0.512235789236
0.995214860196
0.580772317741
0.592969236108
0.5923064122
0.999017768392
0.572172715935
0.536514018927
0.565188801138
0.941184036595
0.469381969221
0.451332600284
0.456753135107
0.795621836625

30
1.0
0.899355455181
0.551197667715
0.500004681648
0.931067062923
1.0
1.0
1.0
1.0
1.0
0.506129798076
0.620078602134
1.0
1.0
1.0
1.0
1.0
1.0
1.0

0.446753089255
0.502507362262
0.516975187189
0.995524152495
0.58255898563
0.596383856803
0.59256883754
0.999088867906
0.57466352218
0.532222577084
0.566011266204
0.942423453994
0.468481273565
0.448896803161
0.455625900634
0.799366483076

-30
1.0
0.899355455181
0.551197667715
0.500004681648
0.931067062923
1.0
1.0
1.0
1.0
1.0
0.506129798076
0.620078602134
1.0
1.0
1.0
1.0
1.0
1.0
1.0

0.446753089255
0.502507362262
0.516975187189
0.995524152495
0.58255898563
0.596383856803
0.59256883754
0.999088867906
0.57466352218
0.532222577084
0.566011266204
0.942423453994
0.468481273565
0.448896803161
0.455625900634
0.799366483076

30
1.0
0.931067062923
0.500004681648
0.899355455181
0.551197667715
1.0
1.0
1.0
1.0
1.0
0.506129798076
0.620078602134
1.0
1.0
1.0
1.0
1.0
1.0
1.0

0.454746270277
0.497780001874
0.509343443582
0.994939843177
0.585061097898
0.595268820477
0.59695482006
0.998936314803
0.568994208369
0.54068337566
0.563663999357
0.945170815953
0.464301403821
0.448664433794
0.452825136598
0.799483965722

30
1.0
0.624711718432
0.755312562857
0.500004681648
0.931067062923
1.0
1.0
1.0
1.0
1.0
0.506129798076
0.617823007037
1.0
1.0
1.0
1.0
1.0
1.0
1.0

0.481387379564
0.492562547002
0.49586363931
0.99390375074
0.60436626052
0.606499425933
0.612661093309
0.998524521189
0.555535114553
0.554300226628
0.555801722703
0.958326249497
0.441823858478
0.437613270977
0.437606258126
0.815333950008

30
1.0
0.500004681648
0.624711718432
0.931067062923
0.755312562857
1.0
1.0
1.0
1.0
1.0
0.617823007037
1.0
1.0
1.0
1.0
1.0
1.0
1.0
1.0

0.481452084222
0.643886749737
0.68513393128
0.0405334290933
0.519230960691
0.556272063906
0.577784725028
0.0352783928011
0.51871528082
0.425975495808
0.503683495194
0.51983779558
0.466509201748
0.406530232641
0.418066717263
0.523793096071

-30
1.0
0.500004681648
0.624711718432
0.931067062923
0.755312562857
1.0
1.0
1.0
1.0
1.0
0.617823007037
1.0
1.0
1.0
1.0
1.0
1.0
1.0
1.0

0.481452084222
0.643886749737
0.68513393128
0.0405334290933
0.519230960691
0.556272063906
0.577784725028
0.0352783928011
0.51871528082
0.425975495808
0.503683495194
0.51983779558
0.466509201748
0.406530232641
0.418066717263
0.523793096071

30
1.0
0.755312562857
0.500004681648
0.372833304472
0.931067062923
1.0
1.0
1.0
1.0
1.0
0.563874613921
1.0
1.0
1.0
1.0
1.0
1.0
1.0
1.0

0.526743003442
0.536424647329
0.539951723546
0.974041916378
0.647816660997
0.648070127289
0.664137861902
0.990856679781
0.536499403464
0.549125627552
0.54060366094
0.97545758178
0.387041134251
0.383810869052
0.381441773412
0.847246985173

30
1.0
0.372833304472
0.0450594338113
0.755312562857
1.0
1.0
1.0
1.0
1.0
1.0
0.563874613921
1.0
1.0
1.0
1.0
1.0
1.0
1.0
1.0

0.512959840042
0.655963005523
0.689694074813
0.076334098064
0.574575997813
0.609239024607
0.602649675881
0.0566180922448
0.517791637611
0.413359771515
0.496712250894
0.70132144402
0.417561344511
0.370394363597
0.386347100285
0.628352981013

30
1.0
0.755312562857
0.0450594338113
0.777664847343
1.0
1.0
1.0
1.0
1.0
1.0
0.221393122763
1.0
1.0
1.0
1.0
1.0
1.0
1.0
1.0

0.528806561849
0.528615122927
0.527641612072
0.991498796345
0.667507918504
0.667531411763
0.666460585519
0.997319223847
0.544983809052
0.547290733119
0.544725583225
0.983880129445
0.375212187156
0.377834647649
0.378730322624
0.876545992819

30
1.0
0.0896786620604
0.755312562857
0.0450594338113
1.0
1.0
1.0
1.0
1.0
1.0
0.221393122763
1.0
1.0
1.0
1.0
1.0
1.0
1.0
1.0

0.520624520587
0.470924320486
0.459819592101
0.00341999248785
0.360440272759
0.347604368157
0.363327621953
0.000781012918476
0.427038658022
0.475236924662
0.438592673582
0.0234437435156
0.586567520282
0.60032098359
0.591180732051
0.135177167961

30
1.0
0.0450594338113
0.755312562857
0.0896786620604
1.0
1.0
1.0
1.0
1.0
1.0
0.221393122763
1.0
1.0
1.0
1.0
1.0
1.0
1.0
1.0

0.530288352693
0.467436485901
0.452978779241
0.00328403315815
0.366666795721
0.350606683134
0.368228103821
0.000716240273677
0.421997409073
0.481324497398
0.435827992647
0.0258987187408
0.579190998516
0.597527469014
0.586669408301
0.139208737303

30
1.0
0.0450594338113
0.0896786620604
0.546346204168
1.0
1.0
1.0
1.0
1.0
1.0
0.221393122763
1.0
1.0
1.0
1.0
1.0
1.0
1.0
1.0

0.540491964935
0.506177637063
0.49755998073
0.00426264922742
0.409766686313
0.400985323615
0.405154364811
0.00093128091588
0.432158610709
0.459866608659
0.438137124706
0.0521704847866
0.540028039348
0.551655097748
0.546957676305
0.19501700429

30
1.0
0.0452361149016
0.546346204168
1.0
1.0
1.0
1.0
1.0
1.0
1.0
0.221393122763
1.0
1.0
1.0
1.0
1.0
1.0
1.0
1.0

0.555784361121
0.469705736458
0.449082886514
0.00315125715574
0.39320434434
0.37101374923
0.391582169431
0.000624696548096
0.412694708333
0.491527845027
0.430332391316
0.0402350451564
0.550924964509
0.578216055779
0.564426201401
0.163964955817

30
1.0
0.546346204168
0.0452361149016
1.0
1.0
1.0
1.0
1.0
1.0
1.0
0.221393122763
1.0
1.0
1.0
1.0
1.0
1.0
1.0
1.0

0.55105144445
0.559428869648
0.560486992239
0.935605226408
0.662497088312
0.664309216764
0.661945510578
0.963548621794
0.524902570849
0.520988821464
0.523271312191
0.970850777906
0.364661436736
0.365222418301
0.367254950808
0.842940250649

30
1.0
0.546346204168
1.0
1.0
1.0
1.0
1.0
1.0
1.0
1.0
0.221393122763
1.0
1.0
1.0
1.0
1.0
1.0
1.0
1.0

0.453271714505
0.568152523459
0.602339463711
0.0210610530078
0.414210856787
0.436721337829
0.478762440099
0.0167526340224
0.498992443107
0.456734275157
0.496497737788
0.147257260498
0.559076866442
0.511491510796
0.513037304923
0.296080899681

